#Parameters = {BotGroundEdgeL=10; BotGroundReduction=10; BotGroundVIAn=4; SMAGndDist=6.64; SMAPinD=0.95; antBotSubstrateH1=1.575; antBotSubstrateH2=1.575; antBotSubstrateH3=1.575; antTopSubstrateH=0.254; c=299792458; coatingPadD=1; coaxL=2; coaxSPinD=0.8; coaxSSubstrateD=2.86; coaxXPinD=0.8; coaxXSubstrateD=2.86; copperH=0.035; edgeDistance=3.5; epsilion_r_feed=2.2; feedBotSubstrateH=0.254; feedTopSubstrateH=0.254; gndViaDist=2; lineW25=1; lineW45=0.35; lineW50=0.35; lineW80=0.1; microStripW=0.7; patchSeperation=11; quaterLambdaS=26.26500424389; quaterLambdaSExtra=1; quaterLambdaX=6.5447068809152; quaterLambdaXExtra=0.6; ratio=1.3; ratioTop=1.3; sFeedGndCutoutRadius=1.43; sFeedInputL=1; sFeedInputOffset=3.6666666666667; sFeedOffset=5.5; sFeedR=0.4; sFiltLineL=0; sFiltLineW=0.4; sFiltPadCutD=3; sFiltPadD=3; sPatchL=49.75; sPatchW=12; sSeperation=3; sShift180H=5; sShift180L=8.5; sShift90H1=3.3; sShift90H2=4; sShift90L1=37; sShift90L2=13.6; screwD=1.9; size=9.8; sizeTop=8.43; substrateSize=82; substrateSizeX=29; xABot=1.3; xCenter=8.65; xFeedGndCutoutRadius=1.43; xFeedInputOffset=4.8; xFeedOffset=5.5; xFeedR=0.4; xOffsetL=4.2391304347826; xOffsetLExtra=1; xOffsetW=2.2108695652174; xOffsetWExtra=1.75; xPatchCutoutR=0.4; xPatchCutoutW=0.05; xPatchL=11.078260869565; xPatchLTop=0.095295652173913; xPatchW=8.5217391304348; xPatchWTop=0.00073304347826087; xRatio=0.95; xShift180H=2; xShift180L=5; xShift90H=2; xShift90L=8.4}
#"Frequency / GHz"	"S2,1 [Magnitude in dB]"
#------------------------------------------
0.00000000000000	-78.423383114780
0.010250000283122	-78.336385031432
0.020500000566244	-78.104646948944
0.030750000849366	-78.780194276827
0.041000001132488	-78.281450260661
0.051249999552965	-76.847527809913
0.061500001698732	-79.392028397436
0.071750000119209	-79.638025812488
0.082000002264977	-75.121285180169
0.092249996960163	-77.543760638872
0.10249999910593	-83.869826567465
0.11275000125170	-73.836088117294
0.12300000339746	-74.517670702973
0.13324999809265	-101.60834388222
0.14350000023842	-72.982289023895
0.15375000238419	-71.849209017796
0.16400000452995	-83.269447685646
0.17425000667572	-72.123912228425
0.18449999392033	-69.397202660751
0.19474999606609	-75.361867689272
0.20499999821186	-70.868552587249
0.21525000035763	-66.956752978935
0.22550000250340	-69.982780599434
0.23575000464916	-68.969398810202
0.24600000679493	-64.582959602754
0.25624999403954	-65.698891763657
0.26649999618530	-66.292511977342
0.27674999833107	-62.275412317604
0.28700000047684	-62.016542965991
0.29725000262260	-62.911821461207
0.30750000476837	-59.845654924567
0.31775000691414	-58.571306556233
0.32800000905991	-59.064151487492
0.33825001120567	-57.170264904308
0.34850001335144	-55.380127980447
0.35874998569489	-55.437092808393
0.36899998784065	-54.946757285313
0.37924998998642	-53.578105104803
0.38949999213219	-53.688720839167
0.39974999427795	-54.656668331199
0.40999999642372	-54.239421147159
0.42024999856949	-54.215796314879
0.43050000071526	-55.758995335964
0.44075000286102	-56.044746932156
0.45100000500679	-55.463513664144
0.46125000715256	-56.846609188808
0.47150000929832	-57.737748300398
0.48175001144409	-56.607243654900
0.49200001358986	-57.509700767660
0.50225001573563	-58.958356030248
0.51249998807907	-57.522315610697
0.52275002002716	-57.821964397666
0.53299999237061	-59.697988180470
0.54325002431870	-58.299215601787
0.55349999666214	-57.965154545946
0.56375002861023	-60.051123674309
0.57400000095367	-59.025171190527
0.58424997329712	-58.063061854283
0.59450000524521	-60.092575492475
0.60474997758865	-59.675676200389
0.61500000953674	-58.118368876188
0.62524998188019	-59.828807665082
0.63550001382828	-60.118617298026
0.64574998617172	-58.063820323413
0.65600001811981	-59.249056949980
0.66624999046326	-60.229641704956
0.67650002241135	-57.894082877637
0.68674999475479	-58.436786388737
0.69700002670288	-60.009730936394
0.70724999904633	-57.750060885316
0.71749997138977	-57.609772021389
0.72775000333786	-59.630064313385
0.73799997568130	-58.036531267720
0.74825000762939	-57.308903491657
0.75849997997284	-59.964426643532
0.76875001192093	-61.373085018065
0.77899998426437	-62.067231003245
0.78925001621246	-75.171593496588
0.79949998855591	-63.888069416067
0.80975002050400	-60.122288226555
0.81999999284744	-60.767968222636
0.83025002479553	-57.410641422217
0.84049999713898	-55.578697142911
0.85075002908707	-56.832185201331
0.86100000143051	-55.636632510656
0.87124997377396	-53.626664282826
0.88150000572205	-54.446025823002
0.89174997806549	-54.230128739965
0.90200001001358	-52.105675406513
0.91224998235703	-52.372849778517
0.92250001430511	-52.717807140991
0.93274998664856	-50.665861692778
0.94300001859665	-50.364360693846
0.95324999094009	-50.923776875715
0.96350002288818	-49.093238738623
0.97374999523163	-48.225030293134
0.98400002717972	-48.673171469201
0.99424999952316	-47.140025347835
1.0045000314713	-45.728645087823
1.0147500038147	-45.786067109737
1.0249999761581	-44.546738168518
1.0352499485016	-42.640981580761
1.0455000400543	-42.072625522134
1.0557500123978	-41.052186595853
1.0659999847412	-38.716063178389
1.0762499570847	-37.461060267861
1.0865000486374	-38.138080203769
1.0967500209808	-39.743178204809
1.1069999933243	-38.861229790425
1.1172499656677	-36.446823372630
1.1275000572205	-35.150272289691
1.1377500295639	-35.296299419619
1.1480000019073	-36.378127651526
1.1582499742508	-37.235575780325
1.1684999465942	-37.682334381850
1.1787500381470	-38.787576714312
1.1890000104904	-40.018487406089
1.1992499828339	-40.100656479779
1.2094999551773	-40.711867089397
1.2197500467300	-42.323826324824
1.2300000190735	-42.398418907645
1.2402499914169	-42.558443135335
1.2504999637604	-44.926320353989
1.2607500553131	-45.292362485205
1.2710000276566	-44.543282448271
1.2812500000000	-46.981192309872
1.2914999723434	-44.997334781625
1.3017499446869	-42.556298919543
1.3120000362396	-43.982696782634
1.3222500085831	-41.513149725491
1.3324999809265	-38.582197050269
1.3427499532700	-39.831334771978
1.3530000448227	-35.544654101007
1.3632500171661	-29.483298545464
1.3734999895096	-26.901707727305
1.3837499618530	-27.306259118905
1.3940000534058	-31.127323220669
1.4042500257492	-42.525833715714
1.4144999980927	-40.992852358040
1.4247499704361	-35.863754731557
1.4349999427795	-33.551293298293
1.4452500343323	-31.273332863157
1.4555000066757	-30.766507010790
1.4657499790192	-32.727663744764
1.4759999513626	-36.138086615141
1.4862500429153	-36.735713752541
1.4965000152588	-36.831285264669
1.5067499876022	-39.287427379447
1.5169999599457	-41.320084272778
1.5272500514984	-41.014930406398
1.5375000238419	-42.818993160720
1.5477499961853	-47.033515951140
1.5579999685287	-48.105080265779
1.5682499408722	-50.306893417727
1.5785000324249	-60.701715866059
1.5887500047684	-47.088818593098
1.5989999771118	-42.412464141919
1.6092499494553	-40.919007704295
1.6195000410080	-41.317008829039
1.6297500133514	-43.332294685710
1.6399999856949	-46.624339708929
1.6502499580383	-48.606457702397
1.6605000495911	-47.528479862499
1.6707500219345	-47.139655443054
1.6809999942780	-47.962868309793
1.6912499666214	-46.820329581140
1.7015000581741	-44.906607384815
1.7117500305176	-44.542544649908
1.7220000028610	-43.473131142850
1.7322499752045	-41.146531831670
1.7424999475479	-39.858154438318
1.7527500391006	-37.947080089302
1.7630000114441	-34.516358172150
1.7732499837875	-32.191557159731
1.7834999561310	-31.922091828684
1.7937500476837	-33.799820217974
1.8040000200272	-37.359815895372
1.8142499923706	-39.940165459688
1.8244999647141	-40.882213695863
1.8347500562668	-42.882910251637
1.8450000286102	-44.191360028939
1.8552500009537	-44.164049955276
1.8654999732971	-45.481039219492
1.8757499456406	-46.866411489534
1.8860000371933	-47.118493007377
1.8962500095367	-49.319008992407
1.9064999818802	-55.536629902827
1.9167499542236	-57.231717356954
1.9270000457764	-49.333496211408
1.9372500181198	-44.567639452006
1.9474999904633	-42.547730855470
1.9577499628067	-42.570710029472
1.9680000543594	-43.059411198507
1.9782500267029	-42.793316159600
1.9884999990463	-42.851125150520
1.9987499713898	-43.096336663713
2.0090000629425	-42.293233433878
2.0192499160767	-41.469179161152
2.0295000076294	-41.175047721956
2.0397500991821	-40.649606342971
2.0499999523163	-40.162448814548
2.0602500438690	-40.466875308066
2.0704998970032	-41.337219003415
2.0807499885559	-42.380013279642
2.0910000801086	-44.302139879816
2.1012499332428	-47.827163960653
2.1115000247955	-51.022649631621
2.1217501163483	-51.837476332999
2.1319999694824	-51.720789369658
2.1422500610352	-49.411274265661
2.1524999141693	-47.870215178414
2.1627500057220	-47.443891862007
2.1730000972748	-46.428150192716
2.1832499504089	-45.442587603001
2.1935000419617	-45.246756541803
2.2037498950958	-44.765834627280
2.2139999866486	-43.909995557667
2.2242500782013	-43.607110659643
2.2344999313354	-43.338125676082
2.2447500228882	-42.585894234940
2.2550001144409	-42.118715052107
2.2652499675751	-41.922967827471
2.2755000591278	-41.352334849258
2.2857499122620	-40.812508542465
2.2960000038147	-40.659798272814
2.3062500953674	-40.376476156952
2.3164999485016	-39.945342447244
2.3267500400543	-39.868352706993
2.3369998931885	-39.904948460754
2.3472499847412	-39.699805529838
2.3575000762939	-39.665965153288
2.3677499294281	-39.885319044893
2.3780000209808	-39.865643871966
2.3882501125336	-39.779059621432
2.3984999656677	-39.976661075284
2.4087500572205	-40.039203583546
2.4189999103546	-39.850578417603
2.4292500019073	-39.886643227696
2.4395000934601	-39.936075855442
2.4497499465942	-39.653339541461
2.4600000381470	-39.465881144288
2.4702498912811	-39.411297516140
2.4804999828339	-39.050914582975
2.4907500743866	-38.632858084595
2.5009999275208	-38.402371128923
2.5112500190735	-37.993551850456
2.5215001106262	-37.439632187779
2.5317499637604	-37.104702806595
2.5420000553131	-36.848983711454
2.5522499084473	-36.548720073665
2.5625000000000	-36.536173012230
2.5727500915527	-36.901429769289
2.5829999446869	-37.348936357242
2.5932500362396	-37.906635343745
2.6034998893738	-38.808082683816
2.6137499809265	-39.745811246839
2.6240000724792	-40.454485449005
2.6342499256134	-41.377265518497
2.6445000171661	-42.425957585964
2.6547501087189	-43.030825735700
2.6649999618530	-43.734968946825
2.6752500534058	-44.766896256780
2.6854999065399	-45.235302353247
2.6957499980927	-45.654790111359
2.7060000896454	-46.657536423095
2.7162499427795	-47.037222824047
2.7265000343323	-47.181960171499
2.7367498874664	-48.223431324288
2.7469999790192	-48.455614994254
2.7572500705719	-48.118392117953
2.7674999237061	-48.592327814700
2.7777500152588	-46.064022088051
2.7880001068115	-42.712412311237
2.7982499599457	-41.474346405672
2.8085000514984	-42.153133624412
2.8187499046326	-43.664255788501
2.8289999961853	-44.684718545756
2.8392500877380	-45.309052728209
2.8494999408722	-45.831758842522
2.8597500324249	-46.091945424214
2.8699998855591	-46.362050564461
2.8802499771118	-46.508455077395
2.8905000686646	-46.430501710068
2.9007499217987	-46.514855203993
2.9110000133514	-46.508450242404
2.9212501049042	-46.242650785590
2.9314999580383	-46.186239720079
2.9417500495911	-46.114573822725
2.9519999027252	-45.736645527986
2.9622499942780	-45.536072727609
2.9725000858307	-45.400295827624
2.9827499389648	-44.929224611755
2.9930000305176	-44.545686322284
3.0032498836517	-44.287452494770
3.0134999752045	-43.711290761566
3.0237500667572	-43.112728822089
3.0339999198914	-42.678671493501
3.0442500114441	-42.020711629327
3.0545001029968	-41.270411964025
3.0647499561310	-40.736235243032
3.0750000476837	-40.207713771923
3.0852499008179	-39.677352982238
3.0954999923706	-39.514962091382
3.1057500839233	-39.744514435242
3.1159999370575	-40.143811842763
3.1262500286102	-40.832473745251
3.1364998817444	-41.947261775451
3.1467499732971	-43.083888976898
3.1570000648499	-44.073971399659
3.1672499179840	-45.414713269345
3.1775000095367	-46.841742535478
3.1877501010895	-47.793181517310
3.1979999542236	-49.187412377596
3.2082500457764	-51.114406760732
3.2184998989105	-52.216754393053
3.2287499904633	-54.063323308356
3.2390000820160	-57.414209652057
3.2492499351501	-57.378435196187
3.2595000267029	-57.322039126828
3.2697501182556	-53.628847742007
3.2799999713898	-48.931054270692
3.2902500629425	-45.912091589170
3.3004999160767	-42.023713546948
3.3107500076294	-38.004164127285
3.3210000991821	-35.465035399950
3.3312499523163	-34.625009331462
3.3415000438690	-35.238926896038
3.3517498970032	-36.676665688274
3.3619999885559	-37.877863761966
3.3722500801086	-38.513949719172
3.3824999332428	-39.122117972693
3.3927500247955	-39.615324973527
3.4030001163483	-39.726033014352
3.4132499694824	-39.759203875041
3.4235000610352	-39.809127005398
3.4337499141693	-39.640030483050
3.4440000057220	-39.344821677591
3.4542500972748	-39.089772527748
3.4644999504089	-38.743561801445
3.4747500419617	-38.268097441114
3.4849998950958	-37.821467266406
3.4952499866486	-37.401920801538
3.5055000782013	-36.938302011306
3.5157499313354	-36.534237820125
3.5260000228882	-36.288214994012
3.5362501144409	-36.156296501673
3.5464999675751	-36.133218569075
3.5567500591278	-36.297181695597
3.5669999122620	-36.620718426727
3.5772500038147	-36.989723325712
3.5875000953674	-37.410271128773
3.5977499485016	-37.930646524766
3.6080000400543	-38.459755179454
3.6182498931885	-38.946571139421
3.6284999847412	-39.505778241890
3.6387500762939	-40.147962670459
3.6489999294281	-40.764783951888
3.6592500209808	-41.435383112131
3.6695001125336	-42.284599914632
3.6797499656677	-43.188799843918
3.6900000572205	-44.070783598451
3.7002499103546	-45.117529562092
3.7105000019073	-46.304875977609
3.7207500934601	-47.361834084799
3.7309999465942	-48.424062224268
3.7412500381470	-49.711376783785
3.7514998912811	-50.856928431828
3.7617499828339	-51.743015510744
3.7720000743866	-52.875441415064
3.7822499275208	-54.030165080484
3.7925000190735	-54.649397540069
3.8027501106262	-55.360361536174
3.8129999637604	-56.382938292427
3.8232500553131	-56.783279184682
3.8334999084473	-56.914005564844
3.8437500000000	-57.587303197722
3.8540000915527	-57.900270907815
3.8642499446869	-57.529364526117
3.8745000362396	-57.682212566371
3.8847498893738	-57.951213788526
3.8949999809265	-57.321838325325
3.9052500724792	-56.894864321712
3.9154999256134	-56.960679578423
3.9257500171661	-56.177262557241
3.9360001087189	-55.032817494139
3.9462499618530	-54.400005918462
3.9565000534058	-52.949852639439
3.9667499065399	-50.384418353480
3.9769999980927	-48.434947612855
3.9872500896454	-47.866402894498
3.9974999427795	-48.751964897199
4.0077500343323	-50.696618138440
4.0180001258850	-52.226985969639
4.0282502174377	-52.489291527290
4.0384998321533	-52.843668328604
4.0487499237061	-53.219226240439
4.0590000152588	-52.801170669126
4.0692501068115	-52.460625894451
4.0795001983643	-52.392274971789
4.0897498130798	-51.812665004506
4.0999999046326	-51.181318522260
4.1102499961853	-50.876865835238
4.1205000877380	-50.273463075612
4.1307501792908	-49.512495311597
4.1409997940063	-49.038958328738
4.1512498855591	-48.427877673769
4.1614999771118	-47.604928169859
4.1717500686646	-46.984406111144
4.1820001602173	-46.335696910812
4.1922497749329	-45.469616650775
4.2024998664856	-44.709728167599
4.2127499580383	-43.984382544199
4.2230000495911	-43.074180318312
4.2332501411438	-42.188589699052
4.2435002326965	-41.364649223123
4.2537498474121	-40.412228563388
4.2639999389648	-39.434062405906
4.2742500305176	-38.524153544081
4.2845001220703	-37.554278946414
4.2947502136230	-36.548001879766
4.3049998283386	-35.613945653869
4.3152499198914	-34.695625638824
4.3255000114441	-33.772160978449
4.3357501029968	-32.935165003081
4.3460001945496	-32.185619513056
4.3562498092651	-31.480462823092
4.3664999008179	-30.865392892242
4.3767499923706	-30.363441568282
4.3870000839233	-29.919239497636
4.3972501754761	-29.524128385086
4.4074997901917	-29.203400607122
4.4177498817444	-28.914393090438
4.4279999732971	-28.619819399010
4.4382500648499	-28.345416667275
4.4485001564026	-28.078515270991
4.4587497711182	-27.775839283661
4.4689998626709	-27.454901984328
4.4792499542236	-27.128352559483
4.4895000457764	-26.759046770198
4.4997501373291	-26.349467996763
4.5100002288818	-25.926406201155
4.5202498435974	-25.469891063540
4.5304999351501	-24.974194619004
4.5407500267029	-24.478437920601
4.5510001182556	-24.001989032960
4.5612502098083	-23.566360441173
4.5714998245239	-23.249817856919
4.5817499160767	-23.141227518990
4.5920000076294	-23.288795426111
4.6022500991821	-23.703659649527
4.6125001907349	-24.336850453773
4.6227498054504	-25.043121633225
4.6329998970032	-25.655330809082
4.6432499885559	-26.094950583282
4.6535000801086	-26.331086078070
4.6637501716614	-26.364775156382
4.6739997863770	-26.286351546639
4.6842498779297	-26.182172618295
4.6944999694824	-26.080555536327
4.7047500610352	-26.031503433326
4.7150001525879	-26.081115839041
4.7252497673035	-26.207943016635
4.7354998588562	-26.388384848657
4.7457499504089	-26.621134818721
4.7560000419617	-26.848852372329
4.7662501335144	-27.000442437858
4.7765002250671	-27.073196758045
4.7867498397827	-27.059285566045
4.7969999313354	-26.940735261707
4.8072500228882	-26.768163443678
4.8175001144409	-26.581417584458
4.8277502059937	-26.364828181754
4.8379998207092	-26.138006797519
4.8482499122620	-25.932917179967
4.8585000038147	-25.732555672614
4.8687500953674	-25.539968406805
4.8790001869202	-25.390419352081
4.8892498016357	-25.275394384134
4.8994998931885	-25.176929995243
4.9097499847412	-25.117582605728
4.9200000762939	-25.097231795274
4.9302501678467	-25.087231439609
4.9404997825623	-25.098620898503
4.9507498741150	-25.145701911456
4.9609999656677	-25.201942356466
4.9712500572205	-25.264688859448
4.9815001487732	-25.356656825286
4.9917497634888	-25.458196623196
5.0019998550415	-25.549677031285
5.0122499465942	-25.652862068712
5.0225000381470	-25.760747896915
5.0327501296997	-25.843664258006
5.0430002212524	-25.918738175510
5.0532498359680	-25.997898319878
5.0634999275208	-26.052900092118
5.0737500190735	-26.091823336652
5.0840001106262	-26.143269400857
5.0942502021790	-26.190157259638
5.1044998168945	-26.228904169881
5.1147499084473	-26.297484296469
5.1250000000000	-26.399079266501
5.1352500915527	-26.521016129952
5.1455001831055	-26.698303238704
5.1557497978210	-26.956193467928
5.1659998893738	-27.276917928436
5.1762499809265	-27.673551100881
5.1865000724792	-28.182527845508
5.1967501640320	-28.788046581929
5.2069997787476	-29.467178221529
5.2172498703003	-30.250555435966
5.2274999618530	-31.141937659819
5.2377500534058	-32.087008936340
5.2480001449585	-33.080059880801
5.2582502365112	-34.145039721483
5.2684998512268	-35.206352055687
5.2787499427795	-36.155308160482
5.2890000343323	-36.969587715629
5.2992501258850	-37.596257217256
5.3095002174377	-37.900832514206
5.3197498321533	-37.881218322376
5.3299999237061	-37.690480896318
5.3402500152588	-37.390887936495
5.3505001068115	-36.971425712509
5.3607501983643	-36.536267738283
5.3709998130798	-36.173388034305
5.3812499046326	-35.819198068804
5.3914999961853	-35.459346764072
5.4017500877380	-35.176260025046
5.4120001792908	-34.938503094259
5.4222497940063	-34.676339909390
5.4324998855591	-34.448159462077
5.4427499771118	-34.270461588005
5.4530000686646	-34.061494161124
5.4632501602173	-33.842674617666
5.4734997749329	-33.664701839328
5.4837498664856	-33.460522220944
5.4939999580383	-33.214185625782
5.5042500495911	-32.990262320336
5.5145001411438	-32.751841499399
5.5247502326965	-32.456004703706
5.5349998474121	-32.162659683603
5.5452499389648	-31.871344850509
5.5555000305176	-31.530153006982
5.5657501220703	-31.182185599819
5.5760002136230	-30.862006974767
5.5862498283386	-30.529875722458
5.5964999198914	-30.207700259773
5.6067500114441	-29.954957847579
5.6170001029968	-29.759747485142
5.6272501945496	-29.621448377405
5.6374998092651	-29.601849019750
5.6477499008179	-29.718855047684
5.6579999923706	-29.950918912743
5.6682500839233	-30.338123737384
5.6785001754761	-30.933682994356
5.6887497901917	-31.731453027350
5.6989998817444	-32.768259939040
5.7092499732971	-34.191167123026
5.7195000648499	-36.167491358385
5.7297501564026	-38.980576051774
5.7399997711182	-43.627887784407
5.7502498626709	-54.639686916402
5.7604999542236	-48.083544744961
5.7707500457764	-41.133833608003
5.7810001373291	-37.436365570967
5.7912502288818	-35.064710647729
5.8014998435974	-33.488588275791
5.8117499351501	-32.389413334152
5.8220000267029	-31.579080191448
5.8322501182556	-31.007844026601
5.8425002098083	-30.620917654854
5.8527498245239	-30.324286378050
5.8629999160767	-30.095564191902
5.8732500076294	-29.950123286875
5.8835000991821	-29.839739531823
5.8937501907349	-29.729012057557
5.9039998054504	-29.650242801630
5.9142498970032	-29.594962685128
5.9244999885559	-29.516812642007
5.9347500801086	-29.435630576601
5.9450001716614	-29.375298092048
5.9552497863770	-29.295345191632
5.9654998779297	-29.189724079832
5.9757499694824	-29.098684752537
5.9860000610352	-29.005467335568
5.9962501525879	-28.881426478014
6.0064997673035	-28.761755719593
6.0167498588562	-28.660673199472
6.0269999504089	-28.543440032447
6.0372500419617	-28.422652686311
6.0475001335144	-28.334601445894
6.0577502250671	-28.257705965455
6.0679998397827	-28.176365592891
6.0782499313354	-28.127584860524
6.0885000228882	-28.114144747752
6.0987501144409	-28.102276189373
6.1090002059937	-28.108971797696
6.1192498207092	-28.159649479418
6.1294999122620	-28.222388646979
6.1397500038147	-28.285825505257
6.1500000953674	-28.385380164323
6.1602501869202	-28.508904010080
6.1704998016357	-28.622071411176
6.1807498931885	-28.752374381949
6.1909999847412	-28.913680111993
6.2012500762939	-29.062536917114
6.2115001678467	-29.203686589897
6.2217497825623	-29.370909969754
6.2319998741150	-29.527337672006
6.2422499656677	-29.649513110391
6.2525000572205	-29.778150017223
6.2627501487732	-29.895907127206
6.2729997634888	-29.957839540766
6.2832498550415	-29.999580289514
6.2934999465942	-30.031070330886
6.3037500381470	-30.001013518465
6.3140001296997	-29.931532266589
6.3242502212524	-29.858760981118
6.3344998359680	-29.740398825624
6.3447499275208	-29.579444935830
6.3550000190735	-29.427339048433
6.3652501106262	-29.261040184357
6.3755002021790	-29.063927565161
6.3857498168945	-28.888082345154
6.3959999084473	-28.735094062451
6.4062500000000	-28.575275689124
6.4165000915527	-28.447985968249
6.4267501831055	-28.378510489871
6.4369997978210	-28.333858700816
6.4472498893738	-28.329134135299
6.4574999809265	-28.403718622451
6.4677500724792	-28.529797324442
6.4780001640320	-28.690748547388
6.4882497787476	-28.925646149032
6.4984998703003	-29.220824677361
6.5087499618530	-29.531706814245
6.5190000534058	-29.886037070194
6.5292501449585	-30.294576487562
6.5395002365112	-30.699078619210
6.5497498512268	-31.107788107261
6.5599999427795	-31.560133740613
6.5702500343323	-32.000819473726
6.5805001258850	-32.410613104241
6.5907502174377	-32.852119640018
6.6009998321533	-33.288975008731
6.6112499237061	-33.670645522472
6.6215000152588	-34.070420561175
6.6317501068115	-34.485939122396
6.6420001983643	-34.839728037013
6.6522498130798	-35.199080266541
6.6624999046326	-35.608157398509
6.6727499961853	-35.977464994691
6.6830000877380	-36.350539151125
6.6932501792908	-36.828732918608
6.7034997940063	-37.344850154506
6.7137498855591	-37.914311493063
6.7239999771118	-38.728955584090
6.7342500686646	-39.868091083852
6.7445001602173	-41.458372959487
6.7547497749329	-44.138862663444
6.7649998664856	-49.291564018805
6.7752499580383	-52.551565037456
6.7855000495911	-45.456986104240
6.7957501411438	-41.288979449048
6.8060002326965	-39.091563137284
6.8162498474121	-37.949799733352
6.8264999389648	-37.261853651669
6.8367500305176	-36.796922091297
6.8470001220703	-36.552301910049
6.8572502136230	-36.395240414296
6.8674998283386	-36.214567029759
6.8777499198914	-36.105073064710
6.8880000114441	-36.056093365415
6.8982501029968	-35.949824464903
6.9085001945496	-35.858826499658
6.9187498092651	-35.832691922387
6.9289999008179	-35.750518907480
6.9392499923706	-35.637270318570
6.9495000839233	-35.577958053986
6.9597501754761	-35.466925424521
6.9699997901917	-35.281590557597
6.9802498817444	-35.123980196652
6.9904999732971	-34.920718494325
7.0007500648499	-34.614338276531
7.0110001564026	-34.307170487521
7.0212497711182	-33.967723643557
7.0314998626709	-33.519995293504
7.0417499542236	-33.048601205767
7.0520000457764	-32.561552278688
7.0622501373291	-31.980495422342
7.0725002288818	-31.359555495215
7.0827498435974	-30.738436329194
7.0929999351501	-30.057859918341
7.1032500267029	-29.346085010906
7.1135001182556	-28.672569217611
7.1237502098083	-28.027145115432
7.1339998245239	-27.433686780250
7.1442499160767	-26.982202042755
7.1545000076294	-26.706169587579
7.1647500991821	-26.593064491169
7.1750001907349	-26.662687819882
7.1852498054504	-26.911146234177
7.1954998970032	-27.259549612158
7.2057499885559	-27.654694117269
7.2160000801086	-28.104586316056
7.2262501716614	-28.562584429540
7.2364997863770	-28.961376321055
7.2467498779297	-29.334277541643
7.2569999694824	-29.697387847895
7.2672500610352	-29.987422771403
7.2775001525879	-30.295113031839
7.2877497673035	-30.901125976912
7.2979998588562	-32.005894336192
7.3082499504089	-33.519928141049
7.3185000419617	-34.951402106084
7.3287501335144	-35.750684364506
7.3390002250671	-36.081166402140
7.3492498397827	-36.340423073826
7.3594999313354	-36.502916569084
7.3697500228882	-36.568356530152
7.3800001144409	-36.713740117191
7.3902502059937	-36.881430223459
7.4004998207092	-36.968753204490
7.4107499122620	-37.119555925432
7.4210000038147	-37.350382942027
7.4312500953674	-37.516406856710
7.4415001869202	-37.713116431566
7.4517498016357	-38.036545164850
7.4619998931885	-38.331049609504
7.4722499847412	-38.610699683389
7.4825000762939	-39.037536842112
7.4927501678467	-39.482624632708
7.5029997825623	-39.853211778745
7.5132498741150	-40.349388970664
7.5234999656677	-40.913575516779
7.5337500572205	-41.341850848800
7.5440001487732	-41.833459648228
7.5542497634888	-42.447854689966
7.5644998550415	-42.891940324532
7.5747499465942	-43.313480502430
7.5850000381470	-43.922880081941
7.5952501296997	-44.384338661594
7.6055002212524	-44.728671075210
7.6157498359680	-45.322198276937
7.6259999275208	-45.846152505672
7.6362500190735	-46.138659449853
7.6465001106262	-46.690711359230
7.6567502021790	-47.253563919963
7.6669998168945	-47.400231733678
7.6772499084473	-47.682700492405
7.6875000000000	-47.950970624814
7.6977500915527	-47.557720384250
7.7080001831055	-47.104943269187
7.7182497978210	-46.648676636582
7.7284998893738	-45.599241365002
7.7387499809265	-44.466315119921
7.7490000724792	-43.484419043238
7.7592501640320	-42.154915000796
7.7694997787476	-40.639608706365
7.7797498703003	-39.253060001510
7.7899999618530	-37.694631588004
7.8002500534058	-35.974924812497
7.8105001449585	-34.720178764843
7.8207502365112	-34.388821986358
7.8309998512268	-35.053681076580
7.8412499427795	-36.475414780202
7.8515000343323	-38.158556213661
7.8617501258850	-39.684599248877
7.8720002174377	-41.031780217289
7.8822498321533	-42.235750891598
7.8924999237061	-43.249071950212
7.9027500152588	-44.122764822848
7.9130001068115	-44.847551562091
7.9232501983643	-45.431483447872
7.9334998130798	-45.988922530266
7.9437499046326	-46.444625894472
7.9539999961853	-46.770123314905
7.9642500877380	-47.170670360026
7.9745001792908	-47.572815504766
7.9847497940063	-47.829896563984
7.9949998855591	-48.200646682945
8.0052499771118	-48.709963905173
8.0155000686646	-49.056559930024
8.0257501602173	-49.463278068474
8.0360002517700	-50.152884209462
8.0462503433228	-50.684137959889
8.0565004348755	-51.099069263263
8.0667495727539	-51.904609067104
8.0769996643066	-52.537070013448
8.0872497558594	-52.625371703926
8.0974998474121	-53.039254918956
8.1077499389648	-52.959752469219
8.1180000305176	-51.544978453595
8.1282501220703	-50.262051279115
8.1385002136230	-48.139289489082
8.1487503051758	-44.655412359499
8.1590003967285	-41.958735436895
8.1692495346069	-40.914957789634
8.1794996261597	-41.541720744870
8.1897497177124	-43.452120313647
8.1999998092651	-45.379128960760
8.2102499008179	-46.296510703679
8.2204999923706	-47.280033343014
8.2307500839233	-48.605504457299
8.2410001754761	-49.262352175891
8.2512502670288	-49.779921073624
8.2615003585815	-50.944552867493
8.2717504501343	-51.853333901404
8.2819995880127	-52.249105402323
8.2922496795654	-53.301396195181
8.3024997711182	-54.657728536756
8.3127498626709	-55.163244606773
8.3229999542236	-55.886569605393
8.3332500457764	-57.471531046533
8.3435001373291	-58.301300549553
8.3537502288818	-58.310197335214
8.3640003204346	-59.222463080405
8.3742504119873	-60.211426267437
8.3844995498657	-59.539382908421
8.3947496414185	-59.090552053830
8.4049997329712	-59.547691975100
8.4152498245239	-58.874063831954
8.4254999160767	-57.591592361203
8.4357500076294	-57.334279366744
8.4460000991821	-56.874112498042
8.4562501907349	-55.525003691854
8.4665002822876	-54.835247649131
8.4767503738403	-54.532817995620
8.4870004653931	-53.527707255843
8.4972496032715	-52.720409047571
8.5074996948242	-52.529227500420
8.5177497863770	-51.987330058769
8.5279998779297	-51.277028798613
8.5382499694824	-51.161425005144
8.5485000610352	-51.060356992341
8.5587501525879	-50.589822751558
8.5690002441406	-50.534701918726
8.5792503356934	-50.805145702758
8.5895004272461	-50.687263152376
8.5997495651245	-50.715113824940
8.6099996566772	-51.293865617800
8.6202497482300	-51.642580254262
8.6304998397827	-51.828281983145
8.6407499313354	-52.689690519390
8.6510000228882	-53.649276205710
8.6612501144409	-54.124106513433
8.6715002059937	-55.281112204140
8.6817502975464	-57.032817001652
8.6920003890991	-57.884365106054
8.7022495269775	-59.264190945144
8.7124996185303	-61.774325065360
8.7227497100830	-62.108150526575
8.7329998016357	-62.661105320352
8.7432498931885	-63.798496114823
8.7534999847412	-61.895686166612
8.7637500762939	-61.284978289102
8.7740001678467	-61.248335958476
8.7842502593994	-59.472533761917
8.7945003509521	-58.811191312088
8.8047504425049	-58.723784070723
8.8149995803833	-57.263336436042
8.8252496719360	-56.417787871115
8.8354997634888	-56.109568084665
8.8457498550415	-54.759398887903
8.8559999465942	-53.688397540383
8.8662500381470	-53.182359850680
8.8765001296997	-52.037763598335
8.8867502212524	-50.929639540923
8.8970003128052	-50.375589375697
8.9072504043579	-49.515285812424
8.9174995422363	-48.503067981417
8.9277496337891	-47.943811761377
8.9379997253418	-47.312649514435
8.9482498168945	-46.416750738624
8.9584999084473	-45.805023098211
8.9687500000000	-45.263115436988
8.9790000915527	-44.426317153631
8.9892501831055	-43.679251544448
8.9995002746582	-43.066953467378
9.0097503662109	-42.234804183408
9.0200004577637	-41.371579010018
9.0302495956421	-40.733188753705
9.0404996871948	-40.197407788661
9.0507497787476	-39.852848716512
9.0609998703003	-40.060416810343
9.0712499618530	-40.902989290835
9.0815000534058	-42.121700115167
9.0917501449585	-43.621522910919
9.1020002365112	-45.595990649553
9.1122503280640	-47.835535140633
9.1225004196167	-49.919253204065
9.1327495574951	-52.482536609009
9.1429996490479	-55.916877847827
9.1532497406006	-58.705879264991
9.1634998321533	-61.892586454278
9.1737499237061	-65.605979819040
9.1840000152588	-63.241637609830
9.1942501068115	-62.626921861164
9.2045001983643	-61.173775542956
9.2147502899170	-58.793214580906
9.2250003814697	-58.137421284186
9.2352504730225	-56.854762835844
9.2454996109009	-54.741446962239
9.2557497024536	-53.513428984180
9.2659997940063	-52.076690585450
9.2762498855591	-50.127728888512
9.2864999771118	-48.724196938396
9.2967500686646	-47.603928254125
9.3070001602173	-46.300346234505
9.3172502517700	-45.305568888344
9.3275003433228	-44.846210738356
9.3377504348755	-44.517078262628
9.3479995727539	-44.245124990846
9.3582496643066	-44.361488684107
9.3684997558594	-44.688489452488
9.3787498474121	-44.782841975967
9.3889999389648	-44.888651308313
9.3992500305176	-45.209723380504
9.4095001220703	-45.266513471201
9.4197502136230	-45.068588086031
9.4300003051758	-45.081365575122
9.4402503967285	-44.998761091594
9.4504995346069	-44.557445819265
9.4607496261597	-44.242296229057
9.4709997177124	-43.990857728121
9.4812498092651	-43.379828517560
9.4914999008179	-42.731597332349
9.5017499923706	-42.177385659463
9.5120000839233	-41.309255173834
9.5222501754761	-40.266580117843
9.5325002670288	-39.295457273960
9.5427503585815	-38.158070909525
9.5530004501343	-36.879807984581
9.5632495880127	-35.720956637372
9.5734996795654	-34.623732967791
9.5837497711182	-33.531692829622
9.5939998626709	-32.610986154939
9.6042499542236	-31.898858913466
9.6145000457764	-31.287963469138
9.6247501373291	-30.803813853047
9.6350002288818	-30.507818394446
9.6452503204346	-30.304940074761
9.6555004119873	-30.127811102007
9.6657495498657	-30.045640809527
9.6759996414185	-30.033748193009
9.6862497329712	-29.992101024759
9.6964998245239	-29.970389486510
9.7067499160767	-30.014177774369
9.7170000076294	-30.027008651138
9.7272500991821	-30.012991653125
9.7375001907349	-30.061321831376
9.7477502822876	-30.106325202458
9.7580003738403	-30.100785794878
9.7682504653931	-30.145991901090
9.7784996032715	-30.226166725295
9.7887496948242	-30.255773283727
9.7989997863770	-30.319621491973
9.8092498779297	-30.460375914869
9.8194999694824	-30.579018971440
9.8297500610352	-30.720675333761
9.8400001525879	-30.973425397079
9.8502502441406	-31.222087220035
9.8605003356934	-31.400938587464
9.8707504272461	-31.549908449943
9.8809995651245	-31.519036043363
9.8912496566772	-31.251188437475
9.9014997482300	-30.949476449636
9.9117498397827	-30.646804395380
9.9219999313354	-30.298985889690
9.9322500228882	-30.023467198914
9.9425001144409	-29.828801816674
9.9527502059937	-29.606963262474
9.9630002975464	-29.414062661328
9.9732503890991	-29.300844335819
9.9834995269775	-29.165160006603
9.9937496185303	-29.017027436305
10.003999710083	-28.940802107799
10.014249801636	-28.861749561588
10.024499893188	-28.742862815336
10.034749984741	-28.678955110612
10.045000076294	-28.636942451169
10.055250167847	-28.542531675230
10.065500259399	-28.477512373730
10.075750350952	-28.456474558470
10.086000442505	-28.386341347747
10.096249580383	-28.315982605837
10.106499671936	-28.303287395871
10.116749763489	-28.259761408014
10.126999855042	-28.189493815027
10.137249946594	-28.178298636341
10.147500038147	-28.163613168288
10.157750129700	-28.103994882793
10.168000221252	-28.091766300648
10.178250312805	-28.105495971853
10.188500404358	-28.067697634566
10.198749542236	-28.053269293958
10.208999633789	-28.088182055075
10.219249725342	-28.078694769258
10.229499816895	-28.061710174308
10.239749908447	-28.104280614591
10.250000000000	-28.120798948635
