#Parameters = {BotGroundEdgeL=10; BotGroundReduction=10; BotGroundVIAn=4; SMAGndDist=6.64; SMAPinD=0.95; antBotSubstrateH1=1.575; antBotSubstrateH2=1.575; antBotSubstrateH3=1.575; antTopSubstrateH=0.254; c=299792458; coatingPadD=1; coaxL=2; coaxSPinD=0.8; coaxSSubstrateD=2.86; coaxXPinD=0.8; coaxXSubstrateD=2.86; copperH=0.035; edgeDistance=3.5; epsilion_r_feed=2.2; feedBotSubstrateH=0.254; feedTopSubstrateH=0.254; gndViaDist=2; lineW25=1; lineW45=0.35; lineW50=0.35; lineW80=0.1; microStripW=0.7; patchSeperation=11; quaterLambdaS=26.26500424389; quaterLambdaSExtra=1; quaterLambdaX=6.5447068809152; quaterLambdaXExtra=0.6; ratio=1.3; ratioTop=1.3; sFeedGndCutoutRadius=1.43; sFeedInputL=1; sFeedInputOffset=3.6666666666667; sFeedOffset=5.5; sFeedR=0.4; sFiltLineL=0; sFiltLineW=0.4; sFiltPadCutD=3; sFiltPadD=3; sPatchL=49.75; sPatchW=12; sSeperation=3; sShift180H=5; sShift180L=8.5; sShift90H1=3.3; sShift90H2=4; sShift90L1=37; sShift90L2=13.6; screwD=1.9; size=9.8; sizeTop=8.43; substrateSize=82; substrateSizeX=29; xABot=1.3; xCenter=8.65; xFeedGndCutoutRadius=1.43; xFeedInputOffset=4.8; xFeedOffset=5.5; xFeedR=0.4; xOffsetL=4.2391304347826; xOffsetLExtra=1; xOffsetW=2.2108695652174; xOffsetWExtra=1.75; xPatchCutoutR=0.4; xPatchCutoutW=0.05; xPatchL=11.078260869565; xPatchLTop=0.095295652173913; xPatchW=8.5217391304348; xPatchWTop=0.00073304347826087; xRatio=0.95; xShift180H=2; xShift180L=5; xShift90H=2; xShift90L=8.4}
#"Frequency / GHz"	"S2,1_1 [Magnitude in dB]"
#--------------------------------------------
0.00000000000000	-75.341747361221
0.010250000283122	-75.421342222611
0.020500000566244	-75.479413283211
0.030750000849366	-75.999725299742
0.041000001132488	-75.564245753220
0.051249999552965	-74.501411928469
0.061500001698732	-76.393846242237
0.071750000119209	-76.617529328174
0.082000002264977	-73.223334887439
0.092249996960163	-75.255288836632
0.10249999910593	-79.375225724403
0.11275000125170	-72.293459201763
0.12300000339746	-73.067273346745
0.13324999809265	-85.222395007385
0.14350000023842	-71.721712639987
0.15375000238419	-70.837829503668
0.16400000452995	-87.169616167971
0.17425000667572	-71.265062372377
0.18449999392033	-68.654763608549
0.19474999606609	-77.290422127730
0.20499999821186	-70.723845560035
0.21525000035763	-66.484647406305
0.22550000250340	-71.098225449730
0.23575000464916	-69.794652624066
0.24600000679493	-64.409664956678
0.25624999403954	-66.526426925439
0.26649999618530	-67.915502962595
0.27674999833107	-62.439794259585
0.28700000047684	-62.778908329855
0.29725000262260	-64.821351167138
0.30750000476837	-60.410082675837
0.31775000691414	-59.388512274873
0.32800000905991	-60.902731433176
0.33825001120567	-58.111066193087
0.34850001335144	-56.163244948384
0.35874998569489	-56.824640784779
0.36899998784065	-55.763668651712
0.37924998998642	-53.699074113368
0.38949999213219	-53.890040627099
0.39974999427795	-54.603777082470
0.40999999642372	-53.402671874935
0.42024999856949	-53.371487470268
0.43050000071526	-55.163739545525
0.44075000286102	-54.970823060236
0.45100000500679	-54.299997281757
0.46125000715256	-56.144732654261
0.47150000929832	-56.894530459142
0.48175001144409	-55.450980090792
0.49200001358986	-56.807988851466
0.50225001573563	-58.487478814038
0.51249998807907	-56.476825244998
0.52275002002716	-57.120207098263
0.53299999237061	-59.571985237199
0.54325002431870	-57.384156917094
0.55349999666214	-57.226614073257
0.56375002861023	-60.129146415388
0.57400000095367	-58.238186181419
0.58424997329712	-57.250222685000
0.59450000524521	-60.201835322512
0.60474997758865	-59.046338390627
0.61500000953674	-57.233090095239
0.62524998188019	-59.859479091400
0.63550001382828	-59.735001621041
0.64574998617172	-57.158008554037
0.65600001811981	-59.178919901628
0.66624999046326	-60.198323500066
0.67650002241135	-57.027230410456
0.68674999475479	-58.270489414277
0.69700002670288	-60.361986581675
0.70724999904633	-56.924884887702
0.71749997138977	-57.293727389197
0.72775000333786	-60.201697003306
0.73799997568130	-57.053812376415
0.74825000762939	-56.487233227203
0.75849997997284	-59.862258381271
0.76875001192093	-58.109614990268
0.77899998426437	-56.724487411772
0.78925001621246	-61.009477486191
0.79949998855591	-66.882025587793
0.80975002050400	-65.346877256111
0.81999999284744	-76.297476348993
0.83025002479553	-59.322931780401
0.84049999713898	-57.171261692519
0.85075002908707	-59.585905963840
0.86100000143051	-55.993703137112
0.87124997377396	-53.855214028238
0.88150000572205	-55.898759516463
0.89174997806549	-54.699375737664
0.90200001001358	-52.111018881259
0.91224998235703	-53.401405064000
0.92250001430511	-53.499952385829
0.93274998664856	-50.699966482447
0.94300001859665	-51.199959670650
0.95324999094009	-51.995398885300
0.96350002288818	-49.284579351014
0.97374999523163	-49.003332416429
0.98400002717972	-49.971641776007
0.99424999952316	-47.618102257084
1.0045000314713	-46.587000096194
1.0147500038147	-47.273113514902
1.0249999761581	-45.439956599354
1.0352499485016	-43.708584460736
1.0455000400543	-43.702828875559
1.0557500123978	-42.369677633534
1.0659999847412	-39.930782552381
1.0762499570847	-38.744668926137
1.0865000486374	-38.841398301935
1.0967500209808	-40.203003742435
1.1069999933243	-42.554127469368
1.1172499656677	-40.281958979517
1.1275000572205	-36.519355060110
1.1377500295639	-34.980917332948
1.1480000019073	-34.706613588139
1.1582499742508	-34.339375220958
1.1684999465942	-34.376151516567
1.1787500381470	-35.815519482797
1.1890000104904	-37.359253940791
1.1992499828339	-37.250875285980
1.2094999551773	-38.232554135843
1.2197500467300	-40.660905787469
1.2300000190735	-40.166944460004
1.2402499914169	-40.278374559057
1.2504999637604	-43.952778884947
1.2607500553131	-43.460836248293
1.2710000276566	-42.413163701260
1.2812500000000	-47.832510395541
1.2914999723434	-43.532153399600
1.3017499446869	-40.639628000931
1.3120000362396	-43.880061636226
1.3222500085831	-38.949862526841
1.3324999809265	-35.602956208287
1.3427499532700	-38.103412405071
1.3530000448227	-33.211970394598
1.3632500171661	-26.687110875956
1.3734999895096	-24.177276651368
1.3837499618530	-24.738070379273
1.3940000534058	-28.662032633714
1.4042500257492	-39.025891940873
1.4144999980927	-41.467143018497
1.4247499704361	-36.985450969449
1.4349999427795	-34.433227703858
1.4452500343323	-31.629756139324
1.4555000066757	-31.473536998257
1.4657499790192	-34.193848437445
1.4759999513626	-36.617862814395
1.4862500429153	-35.921611384350
1.4965000152588	-37.269833838669
1.5067499876022	-40.536952825214
1.5169999599457	-40.399220297104
1.5272500514984	-40.892385690141
1.5375000238419	-44.723472136694
1.5477499961853	-46.013966820698
1.5579999685287	-46.248266300066
1.5682499408722	-51.693387556926
1.5785000324249	-50.245582583960
1.5887500047684	-45.283483030147
1.5989999771118	-40.274072198393
1.6092499494553	-36.515941409169
1.6195000410080	-35.310511426525
1.6297500133514	-36.792090210073
1.6399999856949	-40.957993621345
1.6502499580383	-44.291065266665
1.6605000495911	-43.394758173775
1.6707500219345	-44.746235773895
1.6809999942780	-48.717155976331
1.6912499666214	-47.253102495909
1.7015000581741	-45.198849324573
1.7117500305176	-46.685058465634
1.7220000028610	-47.100008991244
1.7322499752045	-43.793242640281
1.7424999475479	-43.155620085454
1.7527500391006	-43.525398892868
1.7630000114441	-40.778969003333
1.7732499837875	-38.828745036257
1.7834999561310	-38.049857799818
1.7937500476837	-35.469222140103
1.8040000200272	-32.664178419530
1.8142499923706	-31.636893037456
1.8244999647141	-32.510456678634
1.8347500562668	-34.776866460639
1.8450000286102	-37.342108607474
1.8552500009537	-39.594395846733
1.8654999732971	-41.689569852734
1.8757499456406	-42.926772562614
1.8860000371933	-44.293423594054
1.8962500095367	-46.855765128216
1.9064999818802	-49.016172004031
1.9167499542236	-52.140646991817
1.9270000457764	-51.039392258450
1.9372500181198	-45.229294247324
1.9474999904633	-43.201867055971
1.9577499628067	-43.211172510768
1.9680000543594	-42.967464735098
1.9782500267029	-42.738936121258
1.9884999990463	-43.457770066482
1.9987499713898	-43.330991453311
2.0090000629425	-42.281153742100
2.0192499160767	-42.008555022210
2.0295000076294	-41.535260311812
2.0397500991821	-40.406702465123
2.0499999523163	-39.981378034480
2.0602500438690	-40.171963517781
2.0704998970032	-40.071056296865
2.0807499885559	-40.255370140743
2.0910000801086	-41.633279861891
2.1012499332428	-43.956164149738
2.1115000247955	-46.736182053978
2.1217501163483	-51.731282448975
2.1319999694824	-64.034070665153
2.1422500610352	-56.409586913839
2.1524999141693	-53.000973275839
2.1627500057220	-49.687399132018
2.1730000972748	-47.486689686534
2.1832499504089	-47.269574566358
2.1935000419617	-46.843750806298
2.2037498950958	-45.548708176040
2.2139999866486	-45.346774060079
2.2242500782013	-45.538957859199
2.2344999313354	-44.633652859884
2.2447500228882	-44.158257789070
2.2550001144409	-44.429121051323
2.2652499675751	-43.862004638495
2.2755000591278	-43.143701639567
2.2857499122620	-43.246271541310
2.2960000038147	-42.979245338311
2.3062500953674	-42.170339463056
2.3164999485016	-42.020632981931
2.3267500400543	-41.996625473128
2.3369998931885	-41.339998177826
2.3472499847412	-41.024547065615
2.3575000762939	-41.208689903162
2.3677499294281	-40.951571366317
2.3780000209808	-40.640261874357
2.3882501125336	-40.952066318195
2.3984999656677	-41.142648199683
2.4087500572205	-40.910864375862
2.4189999103546	-41.158648047496
2.4292500019073	-41.606765185902
2.4395000934601	-41.447276272366
2.4497499465942	-41.465977005626
2.4600000381470	-41.929549265257
2.4702498912811	-41.843430008576
2.4804999828339	-41.594802553562
2.4907500743866	-41.892330807865
2.5009999275208	-41.869689900627
2.5112500190735	-41.408389869652
2.5215001106262	-41.428673849733
2.5317499637604	-41.407202393165
2.5420000553131	-40.815207149331
2.5522499084473	-40.508255710020
2.5625000000000	-40.387391048293
2.5727500915527	-39.751003387214
2.5829999446869	-39.165687855913
2.5932500362396	-38.922069242432
2.6034998893738	-38.435006115670
2.6137499809265	-37.886795045895
2.6240000724792	-37.817820756056
2.6342499256134	-37.954257292066
2.6445000171661	-38.034560017466
2.6547501087189	-38.502916262095
2.6649999618530	-39.390408180380
2.6752500534058	-40.071513859111
2.6854999065399	-40.721103006838
2.6957499980927	-41.822989017017
2.7060000896454	-42.710631402947
2.7162499427795	-43.195343837113
2.7265000343323	-44.172126022970
2.7367498874664	-45.113148146053
2.7469999790192	-45.373884903774
2.7572500705719	-46.108131975243
2.7674999237061	-47.051408798306
2.7777500152588	-47.150517544545
2.7880001068115	-47.631245833282
2.7982499599457	-48.529035187927
2.8085000514984	-48.542855671354
2.8187499046326	-48.720487048869
2.8289999961853	-49.139034174170
2.8392500877380	-48.387526008738
2.8494999408722	-46.434480306498
2.8597500324249	-43.586638172874
2.8699998855591	-41.517075392138
2.8802499771118	-41.340798646582
2.8905000686646	-42.961981537257
2.9007499217987	-44.530072338897
2.9110000133514	-44.676141125387
2.9212501049042	-45.454401908555
2.9314999580383	-46.398458126916
2.9417500495911	-46.019807858974
2.9519999027252	-46.252145494988
2.9622499942780	-46.964212706346
2.9725000858307	-46.432643247569
2.9827499389648	-46.298272911987
2.9930000305176	-46.857654011161
3.0032498836517	-46.329562611637
3.0134999752045	-45.909928656467
3.0237500667572	-46.297320947167
3.0339999198914	-45.835319034009
3.0442500114441	-45.181915689735
3.0545001029968	-45.332731429513
3.0647499561310	-44.928266844528
3.0750000476837	-44.086159481196
3.0852499008179	-43.933224412494
3.0954999923706	-43.551921232536
3.1057500839233	-42.613762367036
3.1159999370575	-42.179162507755
3.1262500286102	-41.890565158111
3.1364998817444	-41.175811534699
3.1467499732971	-40.840149633196
3.1570000648499	-41.152567383322
3.1672499179840	-41.487687691778
3.1775000095367	-41.998080095056
3.1877501010895	-43.331894051385
3.1979999542236	-44.901901332810
3.2082500457764	-45.919627927675
3.2184998989105	-47.560189522760
3.2287499904633	-49.864736900580
3.2390000820160	-50.879459620250
3.2492499351501	-52.487597232293
3.2595000267029	-55.830691015703
3.2697501182556	-56.543083717872
3.2799999713898	-58.356589952476
3.2902500629425	-62.033464222212
3.3004999160767	-58.176196292260
3.3107500076294	-57.699938773280
3.3210000991821	-54.973181864520
3.3312499523163	-51.386586730006
3.3415000438690	-49.930493746808
3.3517498970032	-47.671131309310
3.3619999885559	-44.967986487704
3.3722500801086	-43.226844345027
3.3824999332428	-41.191401937284
3.3927500247955	-38.649521858223
3.4030001163483	-36.462890259461
3.4132499694824	-34.195977557736
3.4235000610352	-31.618481546168
3.4337499141693	-29.503606716652
3.4440000057220	-28.346424864985
3.4542500972748	-28.129135721832
3.4644999504089	-28.581119976851
3.4747500419617	-29.310002486100
3.4849998950958	-29.932457794397
3.4952499866486	-30.303702640363
3.5055000782013	-30.546807199182
3.5157499313354	-30.709721731025
3.5260000228882	-30.688897954460
3.5362501144409	-30.555112604389
3.5464999675751	-30.467509164817
3.5567500591278	-30.383570542234
3.5669999122620	-30.279144959947
3.5772500038147	-30.320064952250
3.5875000953674	-30.563132218132
3.5977499485016	-30.895671299875
3.6080000400543	-31.341502670553
3.6182498931885	-32.014101290640
3.6284999847412	-32.810501827568
3.6387500762939	-33.597371011302
3.6489999294281	-34.524098036111
3.6592500209808	-35.659945475511
3.6695001125336	-36.770839585827
3.6797499656677	-37.885097951170
3.6900000572205	-39.289419195019
3.7002499103546	-40.771683110981
3.7105000019073	-42.026751167362
3.7207500934601	-43.507155524788
3.7309999465942	-45.308787101410
3.7412500381470	-46.672074672720
3.7514998912811	-47.959235844001
3.7617499828339	-49.953701948707
3.7720000743866	-51.593180468455
3.7822499275208	-52.464093045883
3.7925000190735	-54.307917989532
3.8027501106262	-56.561887446771
3.8129999637604	-56.949183385127
3.8232500553131	-57.716092583961
3.8334999084473	-60.103436608285
3.8437500000000	-60.612026946590
3.8540000915527	-59.413400824435
3.8642499446869	-60.264468481420
3.8745000362396	-61.535817729625
3.8847498893738	-59.651394559798
3.8949999809265	-59.041496693320
3.9052500724792	-60.347205630811
3.9154999256134	-59.159446671171
3.9257500171661	-57.813138469616
3.9360001087189	-58.676587595829
3.9462499618530	-58.108643561151
3.9565000534058	-56.438020545222
3.9667499065399	-56.691223385064
3.9769999980927	-56.281212941273
3.9872500896454	-54.433851088913
3.9974999427795	-53.847510348362
4.0077500343323	-52.956153338431
4.0180001258850	-51.154806346356
4.0282502174377	-50.744866161922
4.0384998321533	-51.585620627621
4.0487499237061	-51.450767632781
4.0590000152588	-51.006157188040
4.0692501068115	-51.371931252391
4.0795001983643	-50.864320988844
4.0897498130798	-50.017931162038
4.0999999046326	-50.079326582994
4.1102499961853	-49.635863997843
4.1205000877380	-48.684691459511
4.1307501792908	-48.507670821100
4.1409997940063	-48.107975279921
4.1512498855591	-47.104936494399
4.1614999771118	-46.673308614135
4.1717500686646	-46.230322376664
4.1820001602173	-45.200328243280
4.1922497749329	-44.530026687253
4.2024998664856	-43.992306290619
4.2127499580383	-42.967848876397
4.2230000495911	-42.114399755470
4.2332501411438	-41.468018142876
4.2435002326965	-40.472824457369
4.2537498474121	-39.500920891772
4.2639999389648	-38.746419086900
4.2742500305176	-37.782968492179
4.2845001220703	-36.748928023470
4.2947502136230	-35.899825682490
4.3049998283386	-34.968444233922
4.3152499198914	-33.936314583922
4.3255000114441	-33.046115548689
4.3357501029968	-32.186765691196
4.3460001945496	-31.261451165510
4.3562498092651	-30.450197460894
4.3664999008179	-29.762552435827
4.3767499923706	-29.078543930146
4.3870000839233	-28.481211752684
4.3972501754761	-28.038910108096
4.4074997901917	-27.638827384173
4.4177498817444	-27.264387171775
4.4279999732971	-26.997944037057
4.4382500648499	-26.769575850667
4.4485001564026	-26.503948475539
4.4587497711182	-26.276639761338
4.4689998626709	-26.079677171139
4.4792499542236	-25.820042723681
4.4895000457764	-25.545862317052
4.4997501373291	-25.300138773667
4.5100002288818	-25.000879290729
4.5202498435974	-24.657345464662
4.5304999351501	-24.340822037929
4.5407500267029	-24.003464770666
4.5510001182556	-23.624174721968
4.5612502098083	-23.284303271195
4.5714998245239	-22.991455711237
4.5817499160767	-22.722261439008
4.5920000076294	-22.555261133561
4.6022500991821	-22.548080130950
4.6125001907349	-22.662622183037
4.6227498054504	-22.892279212376
4.6329998970032	-23.247508570151
4.6432499885559	-23.629708368865
4.6535000801086	-23.950525849925
4.6637501716614	-24.248170231562
4.6739997863770	-24.514852395423
4.6842498779297	-24.709248513812
4.6944999694824	-24.920913519982
4.7047500610352	-25.205541666458
4.7150001525879	-25.498565864177
4.7252497673035	-25.823340177101
4.7354998588562	-26.217549591181
4.7457499504089	-26.550572683254
4.7560000419617	-26.751999860222
4.7662501335144	-26.869119765001
4.7765002250671	-26.820177188986
4.7867498397827	-26.593982179137
4.7969999313354	-26.341876172852
4.8072500228882	-26.070797063265
4.8175001144409	-25.752542720642
4.8277502059937	-25.488978435409
4.8379998207092	-25.284221712118
4.8482499122620	-25.058954761697
4.8585000038147	-24.860388064076
4.8687500953674	-24.714599011971
4.8790001869202	-24.536088486076
4.8892498016357	-24.337069513152
4.8994998931885	-24.176516368984
4.9097499847412	-23.998490287441
4.9200000762939	-23.791221399744
4.9302501678467	-23.629552888072
4.9404997825623	-23.490591921476
4.9507498741150	-23.331998778886
4.9609999656677	-23.213643215740
4.9712500572205	-23.142782471054
4.9815001487732	-23.058278104952
4.9917497634888	-22.991484255794
5.0019998550415	-22.979244630011
5.0122499465942	-22.963362126353
5.0225000381470	-22.940855904968
5.0327501296997	-22.967272774742
5.0430002212524	-23.005547007679
5.0532498359680	-23.019550297577
5.0634999275208	-23.065834211164
5.0737500190735	-23.141946391226
5.0840001106262	-23.192107184120
5.0942502021790	-23.256769299980
5.1044998168945	-23.373831264464
5.1147499084473	-23.490884106444
5.1250000000000	-23.617868692849
5.1352500915527	-23.823107547864
5.1455001831055	-24.080592012247
5.1557497978210	-24.359780036487
5.1659998893738	-24.729065593373
5.1762499809265	-25.202556790329
5.1865000724792	-25.711163658543
5.1967501640320	-26.279822414229
5.2069997787476	-26.964423291526
5.2172498703003	-27.687466766426
5.2274999618530	-28.396459996058
5.2377500534058	-29.172217746174
5.2480001449585	-29.986042337297
5.2582502365112	-30.703615394197
5.2684998512268	-31.371026269981
5.2787499427795	-32.054578717606
5.2890000343323	-32.597972147938
5.2992501258850	-32.939402419393
5.3095002174377	-33.230067063324
5.3197498321533	-33.427568063444
5.3299999237061	-33.382432827990
5.3402500152588	-33.231490472834
5.3505001068115	-33.099071198289
5.3607501983643	-32.842724884297
5.3709998130798	-32.469326384782
5.3812499046326	-32.166135747258
5.3914999961853	-31.874326335017
5.4017500877380	-31.483697433396
5.4120001792908	-31.137065291039
5.4222497940063	-30.876120976683
5.4324998855591	-30.555480782321
5.4427499771118	-30.227563467826
5.4530000686646	-30.001240585189
5.4632501602173	-29.761970501345
5.4734997749329	-29.474084515408
5.4837498664856	-29.264977294987
5.4939999580383	-29.083883457638
5.5042500495911	-28.835678487192
5.5145001411438	-28.624190805514
5.5247502326965	-28.467277914117
5.5349998474121	-28.248444698529
5.5452499389648	-28.021939208113
5.5555000305176	-27.859892791067
5.5657501220703	-27.661018280501
5.5760002136230	-27.422164180495
5.5862498283386	-27.243627526902
5.5964999198914	-27.066861361354
5.6067500114441	-26.840202680043
5.6170001029968	-26.661047881044
5.6272501945496	-26.526190652922
5.6374998092651	-26.356010651586
5.6477499008179	-26.215986612689
5.6579999923706	-26.154532308052
5.6682500839233	-26.091901307935
5.6785001754761	-26.043716063247
5.6887497901917	-26.094465585337
5.6989998817444	-26.197014391981
5.7092499732971	-26.318504292659
5.7195000648499	-26.557575140617
5.7297501564026	-26.931753474389
5.7399997711182	-27.379162303314
5.7502498626709	-27.978415137070
5.7604999542236	-28.817682088007
5.7707500457764	-29.802574333405
5.7810001373291	-30.885879014354
5.7912502288818	-32.123068912018
5.8014998435974	-33.255711155539
5.8117499351501	-33.952652842721
5.8220000267029	-34.315558342096
5.8322501182556	-34.285861445385
5.8425002098083	-33.868045172221
5.8527498245239	-33.460560067331
5.8629999160767	-33.103015656558
5.8732500076294	-32.669820556800
5.8835000991821	-32.342954722769
5.8937501907349	-32.164106572186
5.9039998054504	-31.949010820620
5.9142498970032	-31.761345147391
5.9244999885559	-31.717819601691
5.9347500801086	-31.667558509148
5.9450001716614	-31.566677228125
5.9552497863770	-31.569990566449
5.9654998779297	-31.611870588838
5.9757499694824	-31.559849422702
5.9860000610352	-31.540413175345
5.9962501525879	-31.596949175707
6.0064997673035	-31.565226059511
6.0167498588562	-31.482547966592
6.0269999504089	-31.479700848657
6.0372500419617	-31.438237273582
6.0475001335144	-31.287698933992
6.0577502250671	-31.180445986846
6.0679998397827	-31.100753130993
6.0782499313354	-30.910756871830
6.0885000228882	-30.706682635985
6.0987501144409	-30.576520658605
6.1090002059937	-30.389682677266
6.1192498207092	-30.144097848398
6.1294999122620	-29.979198451231
6.1397500038147	-29.833077297619
6.1500000953674	-29.618178873245
6.1602501869202	-29.455835942021
6.1704998016357	-29.372804676731
6.1807498931885	-29.245159665381
6.1909999847412	-29.125754514141
6.2012500762939	-29.110327339715
6.2115001678467	-29.092271616049
6.2217497825623	-29.039795423285
6.2319998741150	-29.075992972489
6.2422499656677	-29.148540609926
6.2525000572205	-29.155088288546
6.2627501487732	-29.202410619053
6.2729997634888	-29.307107028002
6.2832498550415	-29.330590935010
6.2934999465942	-29.334285126072
6.3037500381470	-29.401270854782
6.3140001296997	-29.400022472453
6.3242502212524	-29.336292111095
6.3344998359680	-29.340488185447
6.3447499275208	-29.320504074221
6.3550000190735	-29.223128763486
6.3652501106262	-29.189987265823
6.3755002021790	-29.181945800489
6.3857498168945	-29.093857821569
6.3959999084473	-29.044267377101
6.4062500000000	-29.050603251552
6.4165000915527	-28.977237696797
6.4267501831055	-28.897487099697
6.4369997978210	-28.880855891854
6.4472498893738	-28.791198730144
6.4574999809265	-28.649086212179
6.4677500724792	-28.563968080523
6.4780001640320	-28.428686088741
6.4882497787476	-28.214078935521
6.4984998703003	-28.047696955647
6.5087499618530	-27.869972077548
6.5190000534058	-27.610984437797
6.5292501449585	-27.389438189446
6.5395002365112	-27.200604847068
6.5497498512268	-26.950961152459
6.5599999427795	-26.727248123466
6.5702500343323	-26.576520881326
6.5805001258850	-26.403820317737
6.5907502174377	-26.247352327901
6.6009998321533	-26.191048632885
6.6112499237061	-26.158595310595
6.6215000152588	-26.130255873173
6.6317501068115	-26.202369525863
6.6420001983643	-26.333727483633
6.6522498130798	-26.450467867350
6.6624999046326	-26.636451770400
6.6727499961853	-26.899898198720
6.6830000877380	-27.132703895792
6.6932501792908	-27.385924562408
6.7034997940063	-27.724205531913
6.7137498855591	-28.033685196112
6.7239999771118	-28.315283578307
6.7342500686646	-28.682957134040
6.7445001602173	-29.046783863767
6.7547497749329	-29.345799942493
6.7649998664856	-29.722787747086
6.7752499580383	-30.140670503281
6.7855000495911	-30.476324455616
6.7957501411438	-30.870743688595
6.8060002326965	-31.365802896855
6.8162498474121	-31.792501915370
6.8264999389648	-32.253966266726
6.8367500305176	-32.894727648248
6.8470001220703	-33.539705783842
6.8572502136230	-34.217995787246
6.8674998283386	-35.208325867877
6.8777499198914	-36.421490046354
6.8880000114441	-37.795387818512
6.8982501029968	-39.860122143350
6.9085001945496	-42.963026742286
6.9187498092651	-46.934081267457
6.9289999008179	-51.044299104300
6.9392499923706	-47.568702596434
6.9495000839233	-43.345219319049
6.9597501754761	-40.998223053714
6.9699997901917	-39.273581230812
6.9802498817444	-37.997985963152
6.9904999732971	-37.327352852751
7.0007500648499	-36.836836904679
7.0110001564026	-36.323477208954
7.0212497711182	-36.080501233946
7.0314998626709	-35.955471462449
7.0417499542236	-35.675697750369
7.0520000457764	-35.515460565599
7.0622501373291	-35.487364018001
7.0725002288818	-35.279665602998
7.0827498435974	-35.091996617253
7.0929999351501	-35.054881666298
7.1032500267029	-34.857762485669
7.1135001182556	-34.602540002257
7.1237502098083	-34.498683576404
7.1339998245239	-34.274189172231
7.1442499160767	-33.931319575819
7.1545000076294	-33.719074334495
7.1647500991821	-33.433425851602
7.1750001907349	-32.992045644501
7.1852498054504	-32.643641913183
7.1954998970032	-32.268956095844
7.2057499885559	-31.728439554614
7.2160000801086	-31.234569294167
7.2262501716614	-30.754670810205
7.2364997863770	-30.126419460871
7.2467498779297	-29.500058889218
7.2569999694824	-28.917976850217
7.2672500610352	-28.233676090702
7.2775001525879	-27.527447926692
7.2877497673035	-26.898742728281
7.2979998588562	-26.258354586231
7.3082499504089	-25.632120312755
7.3185000419617	-25.153321981983
7.3287501335144	-24.812778109160
7.3390002250671	-24.584034837608
7.3492498397827	-24.556808210903
7.3594999313354	-24.747128490075
7.3697500228882	-25.047603328878
7.3800001144409	-25.442874617158
7.3902502059937	-25.978137504003
7.4004998207092	-26.557049855358
7.4107499122620	-27.108019812874
7.4210000038147	-27.731301723156
7.4312500953674	-28.409648211085
7.4415001869202	-29.023105159463
7.4517498016357	-29.678057668164
7.4619998931885	-30.457003838453
7.4722499847412	-31.200711248588
7.4825000762939	-31.952044823485
7.4927501678467	-32.885522727224
7.5029997825623	-33.785594873442
7.5132498741150	-34.486668043975
7.5234999656677	-35.178818899920
7.5337500572205	-35.670575927228
7.5440001487732	-35.839353443998
7.5542497634888	-36.147409919001
7.5644998550415	-36.600883455588
7.5747499465942	-36.895901672377
7.5850000381470	-37.325394748622
7.5952501296997	-38.010076604094
7.6055002212524	-38.512657530691
7.6157498359680	-38.986735203393
7.6259999275208	-39.801216224593
7.6362500190735	-40.513683489075
7.6465001106262	-41.012702587310
7.6567502021790	-41.901718737864
7.6669998168945	-42.905716335882
7.6772499084473	-43.500377979289
7.6875000000000	-44.385241854185
7.6977500915527	-45.722727638853
7.7080001831055	-46.541370776507
7.7182497978210	-47.194198806646
7.7284998893738	-48.522670262498
7.7387499809265	-49.548835115905
7.7490000724792	-49.494251755096
7.7592501640320	-49.664211517401
7.7694997787476	-50.157160468720
7.7797498703003	-49.553863247798
7.7899999618530	-48.488600473802
7.8002500534058	-48.204841920011
7.8105001449585	-47.828560009199
7.8207502365112	-46.720781738186
7.8309998512268	-46.130950946158
7.8412499427795	-46.027516316681
7.8515000343323	-45.347130506439
7.8617501258850	-44.738378451786
7.8720002174377	-44.796531482888
7.8822498321533	-44.593279248411
7.8924999237061	-44.110452086610
7.9027500152588	-44.254121851905
7.9130001068115	-44.469991495411
7.9232501983643	-44.193683503577
7.9334998130798	-44.377237505780
7.9437499046326	-44.945395930149
7.9539999961853	-44.951743703893
7.9642500877380	-45.180468805294
7.9745001792908	-46.080974918751
7.9847497940063	-46.448007117978
7.9949998855591	-46.702394685802
8.0052499771118	-47.770544619953
8.0155000686646	-48.075037583672
8.0257501602173	-47.676843953126
8.0360002517700	-47.951772889426
8.0462503433228	-47.547284537024
8.0565004348755	-46.752376665796
8.0667495727539	-46.991719454915
8.0769996643066	-47.220315635392
8.0872497558594	-46.934417132964
8.0974998474121	-47.567422547939
8.1077499389648	-48.471361120356
8.1180000305176	-48.477194416120
8.1282501220703	-49.323890699200
8.1385002136230	-50.677093055284
8.1487503051758	-50.564540239907
8.1590003967285	-51.224550524635
8.1692495346069	-51.568780232039
8.1794996261597	-49.581118107077
8.1897497177124	-48.204838882507
8.1999998092651	-46.083705182475
8.2102499008179	-43.338682618909
8.2204999923706	-41.264773058607
8.2307500839233	-39.144666207706
8.2410001754761	-36.852174234267
8.2512502670288	-34.931984631810
8.2615003585815	-33.225329549039
8.2717504501343	-31.563927231330
8.2819995880127	-30.231080477713
8.2922496795654	-29.351789194126
8.3024997711182	-28.780648556526
8.3127498626709	-28.486945039655
8.3229999542236	-28.544347719545
8.3332500457764	-28.814571102482
8.3435001373291	-29.090429210585
8.3537502288818	-29.444751397897
8.3640003204346	-29.925088748046
8.3742504119873	-30.322221195847
8.3844995498657	-30.655705457536
8.3947496414185	-31.112738821079
8.4049997329712	-31.524739462208
8.4152498245239	-31.794103924331
8.4254999160767	-32.177531488924
8.4357500076294	-32.599369864774
8.4460000991821	-32.838198884063
8.4562501907349	-33.147981796165
8.4665002822876	-33.587241165667
8.4767503738403	-33.842540185485
8.4870004653931	-34.091187935307
8.4972496032715	-34.542486952221
8.5074996948242	-34.849692743142
8.5177497863770	-35.049149105081
8.5279998779297	-35.488570211497
8.5382499694824	-35.862360634437
8.5485000610352	-36.023577259302
8.5587501525879	-36.415922752608
8.5690002441406	-36.852209250732
8.5792503356934	-36.991969028932
8.5895004272461	-37.304464954768
8.5997495651245	-37.788168745772
8.6099996566772	-37.937557263074
8.6202497482300	-38.155576674540
8.6304998397827	-38.672200523537
8.6407499313354	-38.883737223701
8.6510000228882	-39.022121022501
8.6612501144409	-39.562796654041
8.6715002059937	-39.905186862561
8.6817502975464	-40.008665195549
8.6920003890991	-40.568563250483
8.7022495269775	-41.115075498586
8.7124996185303	-41.253543322860
8.7227497100830	-41.826796832354
8.7329998016357	-42.642847144594
8.7432498931885	-42.908560461992
8.7534999847412	-43.485916675362
8.7637500762939	-44.624939680973
8.7740001678467	-45.136807336385
8.7842502593994	-45.701488725027
8.7945003509521	-47.203160123952
8.8047504425049	-48.103890335070
8.8149995803833	-48.601387956725
8.8252496719360	-50.485401015432
8.8354997634888	-51.913702527359
8.8457498550415	-52.173502400500
8.8559999465942	-54.478958950233
8.8662500381470	-56.526914526636
8.8765001296997	-56.175453508613
8.8867502212524	-59.207531118384
8.8970003128052	-61.161685705735
8.9072504043579	-59.423236899058
8.9174995422363	-62.701517795962
8.9277496337891	-59.716649383905
8.9379997253418	-57.185918491649
8.9482498168945	-57.469378950223
8.9584999084473	-54.239673559190
8.9687500000000	-52.216192644360
8.9790000915527	-51.880257173999
8.9892501831055	-49.948145248101
8.9995002746582	-48.282859064598
9.0097503662109	-47.923117494677
9.0200004577637	-46.842555870433
9.0302495956421	-45.468103900107
9.0404996871948	-45.103547026936
9.0507497787476	-44.576738973091
9.0609998703003	-43.486356994086
9.0712499618530	-43.078891712840
9.0815000534058	-42.893864108302
9.0917501449585	-42.099020026474
9.1020002365112	-41.629919581871
9.1122503280640	-41.627125641690
9.1225004196167	-41.163300381608
9.1327495574951	-40.687127123296
9.1429996490479	-40.800152369039
9.1532497406006	-40.791895864699
9.1634998321533	-40.541889439366
9.1737499237061	-40.897934430841
9.1840000152588	-41.649901513901
9.1942501068115	-42.114033445791
9.2045001983643	-42.999667687191
9.2147502899170	-44.870332500206
9.2250003814697	-46.648958130949
9.2352504730225	-48.258166329727
9.2454996109009	-51.761535969322
9.2557497024536	-56.447099748215
9.2659997940063	-58.481478638756
9.2762498855591	-63.336742096363
9.2864999771118	-57.022544529559
9.2967500686646	-53.777198627412
9.3070001602173	-52.996761961369
9.3172502517700	-50.518249888128
9.3275003433228	-48.794023382166
9.3377504348755	-48.613597549877
9.3479995727539	-47.681956023148
9.3582496643066	-46.335829326058
9.3684997558594	-46.129462953450
9.3787498474121	-45.938097467991
9.3889999389648	-44.888256038727
9.3992500305176	-44.405703762723
9.4095001220703	-44.496380031623
9.4197502136230	-43.895564048870
9.4300003051758	-43.137679961973
9.4402503967285	-43.080915675055
9.4504995346069	-42.966265839090
9.4607496261597	-42.241483952640
9.4709997177124	-41.839181169406
9.4812498092651	-41.941954297679
9.4914999008179	-41.654819719692
9.5017499923706	-41.109849294927
9.5120000839233	-41.134913322712
9.5222501754761	-41.314785728561
9.5325002670288	-40.956765867666
9.5427503585815	-40.812459601920
9.5530004501343	-41.202165325007
9.5632495880127	-41.199160517002
9.5734996795654	-40.951956777415
9.5837497711182	-41.333535937016
9.5939998626709	-41.699044197590
9.6042499542236	-41.497528228405
9.6145000457764	-41.789364698648
9.6247501373291	-42.488382410101
9.6350002288818	-42.517085857401
9.6452503204346	-42.746720122193
9.6555004119873	-43.770089844744
9.6657495498657	-44.232137199480
9.6759996414185	-44.487098637763
9.6862497329712	-45.879501998393
9.6964998245239	-46.915594534871
9.7067499160767	-47.129013254314
9.7170000076294	-48.713673870693
9.7272500991821	-49.401783759332
9.7375001907349	-48.289608750601
9.7477502822876	-48.282480131535
9.7580003738403	-46.816561441421
9.7682504653931	-44.730584648991
9.7784996032715	-43.806134449926
9.7887496948242	-42.471040790070
9.7989997863770	-40.826861091739
9.8092498779297	-39.990158323365
9.8194999694824	-39.196437686810
9.8297500610352	-38.038581962710
9.8400001525879	-37.356838893886
9.8502502441406	-36.954426155660
9.8605003356934	-36.221908984335
9.8707504272461	-35.680773737816
9.8809995651245	-35.532340738521
9.8912496566772	-35.174957115227
9.9014997482300	-34.774334404731
9.9117498397827	-34.777726575836
9.9219999313354	-34.740008685436
9.9322500228882	-34.489586251195
9.9425001144409	-34.566654916679
9.9527502059937	-34.778133259265
9.9630002975464	-34.687795695659
9.9732503890991	-34.778974263831
9.9834995269775	-35.154254894273
9.9937496185303	-35.226913223428
10.003999710083	-35.293022700716
10.014249801636	-35.743700839564
10.024499893188	-35.974792699357
10.034749984741	-36.000712104202
10.045000076294	-36.449203705335
10.055250167847	-36.832417810010
10.065500259399	-36.834576984530
10.075750350952	-37.225766318703
10.086000442505	-37.749577929892
10.096249580383	-37.765318339539
10.106499671936	-38.062512028202
10.116749763489	-38.699574237494
10.126999855042	-38.764850983004
10.137249946594	-38.934611754525
10.147500038147	-39.626750596288
10.157750129700	-39.751614802537
10.168000221252	-39.754832053518
10.178250312805	-40.413099269054
10.188500404358	-40.571938826918
10.198749542236	-40.368102669440
10.208999633789	-40.885384637844
10.219249725342	-41.021972839897
10.229499816895	-40.584988564633
10.239749908447	-40.860907378196
10.250000000000	-40.917293887213
